GOOGLE_MAP_API=AIzaSyA6CeQ9coCM2SyPGNHjAr9UEZhh361qkSw
CENTER_LAT=35.6591084
CENTER_LNG=139.7015533